  Tukey multiple comparisons of means
    95% family-wise confidence level

Fit: aov(formula = pase.rank ~ Site + Depth + Site:Depth, data = soilpase)

$Site
                  diff       lwr         upr     p adj
EVV-EVR     -12.888889 -22.23941  -3.5383641 0.0033148
ICA-R-EVR   -14.833333 -24.18386  -5.4828086 0.0006034
ICA-V-EVR   -25.166667 -34.51719 -15.8161419 0.0000000
ICA-R-EVV    -1.944444 -11.29497   7.4060803 0.9451678
ICA-V-EVV   -12.277778 -21.62830  -2.9272530 0.0055131
ICA-V-ICA-R -10.333333 -19.68386  -0.9828086 0.0250200

$Depth
                      diff        lwr          upr     p adj
15-20cm-0-5cm   -12.000000 -24.770987   0.77098731 0.0767028
25-30cm-0-5cm   -24.750000 -37.520987 -11.97901269 0.0000086
45-50cm-0-5cm   -36.166667 -48.937654 -23.39567936 0.0000000
7-12cm-0-5cm     -6.916667 -19.687654   5.85432064 0.5978321
80-90cm-0-5cm   -39.166667 -51.937654 -26.39567936 0.0000000
25-30cm-15-20cm -12.750000 -25.520987   0.02098731 0.0506024
45-50cm-15-20cm -24.166667 -36.937654 -11.39567936 0.0000138
7-12cm-15-20cm    5.083333  -7.687654  17.85432064 0.8434871
80-90cm-15-20cm -27.166667 -39.937654 -14.39567936 0.0000012
45-50cm-25-30cm -11.416667 -24.187654   1.35432064 0.1042048
7-12cm-25-30cm   17.833333   5.062346  30.60432064 0.0018158
80-90cm-25-30cm -14.416667 -27.187654  -1.64567936 0.0185582
7-12cm-45-50cm   29.250000  16.479013  42.02098731 0.0000002
80-90cm-45-50cm  -3.000000 -15.770987   9.77098731 0.9813950
80-90cm-7-12cm  -32.250000 -45.020987 -19.47901269 0.0000000

$`Site:Depth`
                                     diff        lwr         upr     p adj
EVV:0-5cm-EVR:0-5cm         -7.000000e+00 -40.171690  26.1716896 0.9999999
ICA-R:0-5cm-EVR:0-5cm       -8.000000e+00 -41.171690  25.1716896 0.9999987
ICA-V:0-5cm-EVR:0-5cm       -3.166667e+01 -64.838356   1.5050229 0.0781713
EVR:15-20cm-EVR:0-5cm       -6.666667e+00 -39.838356  26.5050229 1.0000000
EVV:15-20cm-EVR:0-5cm       -2.266667e+01 -55.838356  10.5050229 0.5771624
ICA-R:15-20cm-EVR:0-5cm     -2.833333e+01 -61.505023   4.8383563 0.1904850
ICA-V:15-20cm-EVR:0-5cm     -3.700000e+01 -70.171690  -3.8283104 0.0145261
EVR:25-30cm-EVR:0-5cm       -1.433333e+01 -47.505023  18.8383563 0.9893251
EVV:25-30cm-EVR:0-5cm       -4.433333e+01 -77.505023 -11.1616437 0.0010269
ICA-R:25-30cm-EVR:0-5cm     -3.333333e+01 -66.505023  -0.1616437 0.0475881
ICA-V:25-30cm-EVR:0-5cm     -5.366667e+01 -86.838356 -20.4949771 0.0000264
EVR:45-50cm-EVR:0-5cm       -5.366667e+01 -86.838356 -20.4949771 0.0000264
EVV:45-50cm-EVR:0-5cm       -4.500000e+01 -78.171690 -11.8283104 0.0007969
ICA-R:45-50cm-EVR:0-5cm     -5.100000e+01 -84.171690 -17.8283104 0.0000766
ICA-V:45-50cm-EVR:0-5cm     -4.166667e+01 -74.838356  -8.4949771 0.0027812
EVR:7-12cm-EVR:0-5cm        -7.333333e+00 -40.505023  25.8383563 0.9999997
EVV:7-12cm-EVR:0-5cm        -1.366667e+01 -46.838356  19.5050229 0.9939784
ICA-R:7-12cm-EVR:0-5cm      -1.300000e+01 -46.171690  20.1716896 0.9968146
ICA-V:7-12cm-EVR:0-5cm      -4.033333e+01 -73.505023  -7.1616437 0.0045195
EVR:80-90cm-EVR:0-5cm       -2.766667e+01 -60.838356   5.5050229 0.2233765
EVV:80-90cm-EVR:0-5cm       -5.433333e+01 -87.505023 -21.1616437 0.0000202
ICA-R:80-90cm-EVR:0-5cm     -6.500000e+01 -98.171690 -31.8283104 0.0000003
ICA-V:80-90cm-EVR:0-5cm     -5.633333e+01 -89.505023 -23.1616437 0.0000090
ICA-R:0-5cm-EVV:0-5cm       -1.000000e+00 -34.171690  32.1716896 1.0000000
ICA-V:0-5cm-EVV:0-5cm       -2.466667e+01 -57.838356   8.5050229 0.4174235
EVR:15-20cm-EVV:0-5cm        3.333333e-01 -32.838356  33.5050229 1.0000000
EVV:15-20cm-EVV:0-5cm       -1.566667e+01 -48.838356  17.5050229 0.9716410
ICA-R:15-20cm-EVV:0-5cm     -2.133333e+01 -54.505023  11.8383563 0.6848978
ICA-V:15-20cm-EVV:0-5cm     -3.000000e+01 -63.171690   3.1716896 0.1243056
EVR:25-30cm-EVV:0-5cm       -7.333333e+00 -40.505023  25.8383563 0.9999997
EVV:25-30cm-EVV:0-5cm       -3.733333e+01 -70.505023  -4.1616437 0.0129690
ICA-R:25-30cm-EVV:0-5cm     -2.633333e+01 -59.505023   6.8383563 0.3006769
ICA-V:25-30cm-EVV:0-5cm     -4.666667e+01 -79.838356 -13.4949771 0.0004199
EVR:45-50cm-EVV:0-5cm       -4.666667e+01 -79.838356 -13.4949771 0.0004199
EVV:45-50cm-EVV:0-5cm       -3.800000e+01 -71.171690  -4.8283104 0.0103129
ICA-R:45-50cm-EVV:0-5cm     -4.400000e+01 -77.171690 -10.8283104 0.0011651
ICA-V:45-50cm-EVV:0-5cm     -3.466667e+01 -67.838356  -1.4949771 0.0313406
EVR:7-12cm-EVV:0-5cm        -3.333333e-01 -33.505023  32.8383563 1.0000000
EVV:7-12cm-EVV:0-5cm        -6.666667e+00 -39.838356  26.5050229 1.0000000
ICA-R:7-12cm-EVV:0-5cm      -6.000000e+00 -39.171690  27.1716896 1.0000000
ICA-V:7-12cm-EVV:0-5cm      -3.333333e+01 -66.505023  -0.1616437 0.0475881
EVR:80-90cm-EVV:0-5cm       -2.066667e+01 -53.838356  12.5050229 0.7359219
EVV:80-90cm-EVV:0-5cm       -4.733333e+01 -80.505023 -14.1616437 0.0003242
ICA-R:80-90cm-EVV:0-5cm     -5.800000e+01 -91.171690 -24.8283104 0.0000046
ICA-V:80-90cm-EVV:0-5cm     -4.933333e+01 -82.505023 -16.1616437 0.0001481
ICA-V:0-5cm-ICA-R:0-5cm     -2.366667e+01 -56.838356   9.5050229 0.4957097
EVR:15-20cm-ICA-R:0-5cm      1.333333e+00 -31.838356  34.5050229 1.0000000
EVV:15-20cm-ICA-R:0-5cm     -1.466667e+01 -47.838356  18.5050229 0.9860971
ICA-R:15-20cm-ICA-R:0-5cm   -2.033333e+01 -53.505023  12.8383563 0.7602490
ICA-V:15-20cm-ICA-R:0-5cm   -2.900000e+01 -62.171690   4.1716896 0.1613520
EVR:25-30cm-ICA-R:0-5cm     -6.333333e+00 -39.505023  26.8383563 1.0000000
EVV:25-30cm-ICA-R:0-5cm     -3.633333e+01 -69.505023  -3.1616437 0.0181775
ICA-R:25-30cm-ICA-R:0-5cm   -2.533333e+01 -58.505023   7.8383563 0.3683137
ICA-V:25-30cm-ICA-R:0-5cm   -4.566667e+01 -78.838356 -12.4949771 0.0006174
EVR:45-50cm-ICA-R:0-5cm     -4.566667e+01 -78.838356 -12.4949771 0.0006174
EVV:45-50cm-ICA-R:0-5cm     -3.700000e+01 -70.171690  -3.8283104 0.0145261
ICA-R:45-50cm-ICA-R:0-5cm   -4.300000e+01 -76.171690  -9.8283104 0.0016966
ICA-V:45-50cm-ICA-R:0-5cm   -3.366667e+01 -66.838356  -0.4949771 0.0429394
EVR:7-12cm-ICA-R:0-5cm       6.666667e-01 -32.505023  33.8383563 1.0000000
EVV:7-12cm-ICA-R:0-5cm      -5.666667e+00 -38.838356  27.5050229 1.0000000
ICA-R:7-12cm-ICA-R:0-5cm    -5.000000e+00 -38.171690  28.1716896 1.0000000
ICA-V:7-12cm-ICA-R:0-5cm    -3.233333e+01 -65.505023   0.8383563 0.0643304
EVR:80-90cm-ICA-R:0-5cm     -1.966667e+01 -52.838356  13.5050229 0.8059275
EVV:80-90cm-ICA-R:0-5cm     -4.633333e+01 -79.505023 -13.1616437 0.0004776
ICA-R:80-90cm-ICA-R:0-5cm   -5.700000e+01 -90.171690 -23.8283104 0.0000069
ICA-V:80-90cm-ICA-R:0-5cm   -4.833333e+01 -81.505023 -15.1616437 0.0002194
EVR:15-20cm-ICA-V:0-5cm      2.500000e+01  -8.171690  58.1716896 0.3925064
EVV:15-20cm-ICA-V:0-5cm      9.000000e+00 -24.171690  42.1716896 0.9999889
ICA-R:15-20cm-ICA-V:0-5cm    3.333333e+00 -29.838356  36.5050229 1.0000000
ICA-V:15-20cm-ICA-V:0-5cm   -5.333333e+00 -38.505023  27.8383563 1.0000000
EVR:25-30cm-ICA-V:0-5cm      1.733333e+01 -15.838356  50.5050229 0.9260256
EVV:25-30cm-ICA-V:0-5cm     -1.266667e+01 -45.838356  20.5050229 0.9977433
ICA-R:25-30cm-ICA-V:0-5cm   -1.666667e+00 -34.838356  31.5050229 1.0000000
ICA-V:25-30cm-ICA-V:0-5cm   -2.200000e+01 -55.171690  11.1716896 0.6316069
EVR:45-50cm-ICA-V:0-5cm     -2.200000e+01 -55.171690  11.1716896 0.6316069
EVV:45-50cm-ICA-V:0-5cm     -1.333333e+01 -46.505023  19.8383563 0.9955832
ICA-R:45-50cm-ICA-V:0-5cm   -1.933333e+01 -52.505023  13.8383563 0.8270697
ICA-V:45-50cm-ICA-V:0-5cm   -1.000000e+01 -43.171690  23.1716896 0.9999342
EVR:7-12cm-ICA-V:0-5cm       2.433333e+01  -8.838356  57.5050229 0.4429893
EVV:7-12cm-ICA-V:0-5cm       1.800000e+01 -15.171690  51.1716896 0.8985855
ICA-R:7-12cm-ICA-V:0-5cm     1.866667e+01 -14.505023  51.8383563 0.8655448
ICA-V:7-12cm-ICA-V:0-5cm    -8.666667e+00 -41.838356  24.5050229 0.9999943
EVR:80-90cm-ICA-V:0-5cm      4.000000e+00 -29.171690  37.1716896 1.0000000
EVV:80-90cm-ICA-V:0-5cm     -2.266667e+01 -55.838356  10.5050229 0.5771624
ICA-R:80-90cm-ICA-V:0-5cm   -3.333333e+01 -66.505023  -0.1616437 0.0475881
ICA-V:80-90cm-ICA-V:0-5cm   -2.466667e+01 -57.838356   8.5050229 0.4174235
EVV:15-20cm-EVR:15-20cm     -1.600000e+01 -49.171690  17.1716896 0.9649030
ICA-R:15-20cm-EVR:15-20cm   -2.166667e+01 -54.838356  11.5050229 0.6584665
ICA-V:15-20cm-EVR:15-20cm   -3.033333e+01 -63.505023   2.8383563 0.1136115
EVR:25-30cm-EVR:15-20cm     -7.666667e+00 -40.838356  25.5050229 0.9999994
EVV:25-30cm-EVR:15-20cm     -3.766667e+01 -70.838356  -4.4949771 0.0115695
ICA-R:25-30cm-EVR:15-20cm   -2.666667e+01 -59.838356   6.5050229 0.2799237
ICA-V:25-30cm-EVR:15-20cm   -4.700000e+01 -80.171690 -13.8283104 0.0003690
EVR:45-50cm-EVR:15-20cm     -4.700000e+01 -80.171690 -13.8283104 0.0003690
EVV:45-50cm-EVR:15-20cm     -3.833333e+01 -71.505023  -5.1616437 0.0091858
ICA-R:45-50cm-EVR:15-20cm   -4.433333e+01 -77.505023 -11.1616437 0.0010269
ICA-V:45-50cm-EVR:15-20cm   -3.500000e+01 -68.171690  -1.8283104 0.0281596
EVR:7-12cm-EVR:15-20cm      -6.666667e-01 -33.838356  32.5050229 1.0000000
EVV:7-12cm-EVR:15-20cm      -7.000000e+00 -40.171690  26.1716896 0.9999999
ICA-R:7-12cm-EVR:15-20cm    -6.333333e+00 -39.505023  26.8383563 1.0000000
ICA-V:7-12cm-EVR:15-20cm    -3.366667e+01 -66.838356  -0.4949771 0.0429394
EVR:80-90cm-EVR:15-20cm     -2.100000e+01 -54.171690  12.1716896 0.7107615
EVV:80-90cm-EVR:15-20cm     -4.766667e+01 -80.838356 -14.4949771 0.0002847
ICA-R:80-90cm-EVR:15-20cm   -5.833333e+01 -91.505023 -25.1616437 0.0000040
ICA-V:80-90cm-EVR:15-20cm   -4.966667e+01 -82.838356 -16.4949771 0.0001299
ICA-R:15-20cm-EVV:15-20cm   -5.666667e+00 -38.838356  27.5050229 1.0000000
ICA-V:15-20cm-EVV:15-20cm   -1.433333e+01 -47.505023  18.8383563 0.9893251
EVR:25-30cm-EVV:15-20cm      8.333333e+00 -24.838356  41.5050229 0.9999972
EVV:25-30cm-EVV:15-20cm     -2.166667e+01 -54.838356  11.5050229 0.6584665
ICA-R:25-30cm-EVV:15-20cm   -1.066667e+01 -43.838356  22.5050229 0.9998154
ICA-V:25-30cm-EVV:15-20cm   -3.100000e+01 -64.171690   2.1716896 0.0944982
EVR:45-50cm-EVV:15-20cm     -3.100000e+01 -64.171690   2.1716896 0.0944982
EVV:45-50cm-EVV:15-20cm     -2.233333e+01 -55.505023  10.8383563 0.6044592
ICA-R:45-50cm-EVV:15-20cm   -2.833333e+01 -61.505023   4.8383563 0.1904850
ICA-V:45-50cm-EVV:15-20cm   -1.900000e+01 -52.171690  14.1716896 0.8469643
EVR:7-12cm-EVV:15-20cm       1.533333e+01 -17.838356  48.5050229 0.9773545
EVV:7-12cm-EVV:15-20cm       9.000000e+00 -24.171690  42.1716896 0.9999889
ICA-R:7-12cm-EVV:15-20cm     9.666667e+00 -23.505023  42.8383563 0.9999624
ICA-V:7-12cm-EVV:15-20cm    -1.766667e+01 -50.838356  15.5050229 0.9130042
EVR:80-90cm-EVV:15-20cm     -5.000000e+00 -38.171690  28.1716896 1.0000000
EVV:80-90cm-EVV:15-20cm     -3.166667e+01 -64.838356   1.5050229 0.0781713
ICA-R:80-90cm-EVV:15-20cm   -4.233333e+01 -75.505023  -9.1616437 0.0021745
ICA-V:80-90cm-EVV:15-20cm   -3.366667e+01 -66.838356  -0.4949771 0.0429394
ICA-V:15-20cm-ICA-R:15-20cm -8.666667e+00 -41.838356  24.5050229 0.9999943
EVR:25-30cm-ICA-R:15-20cm    1.400000e+01 -19.171690  47.1716896 0.9919213
EVV:25-30cm-ICA-R:15-20cm   -1.600000e+01 -49.171690  17.1716896 0.9649030
ICA-R:25-30cm-ICA-R:15-20cm -5.000000e+00 -38.171690  28.1716896 1.0000000
ICA-V:25-30cm-ICA-R:15-20cm -2.533333e+01 -58.505023   7.8383563 0.3683137
EVR:45-50cm-ICA-R:15-20cm   -2.533333e+01 -58.505023   7.8383563 0.3683137
EVV:45-50cm-ICA-R:15-20cm   -1.666667e+01 -49.838356  16.5050229 0.9479976
ICA-R:45-50cm-ICA-R:15-20cm -2.266667e+01 -55.838356  10.5050229 0.5771624
ICA-V:45-50cm-ICA-R:15-20cm -1.333333e+01 -46.505023  19.8383563 0.9955832
EVR:7-12cm-ICA-R:15-20cm     2.100000e+01 -12.171690  54.1716896 0.7107615
EVV:7-12cm-ICA-R:15-20cm     1.466667e+01 -18.505023  47.8383563 0.9860971
ICA-R:7-12cm-ICA-R:15-20cm   1.533333e+01 -17.838356  48.5050229 0.9773545
ICA-V:7-12cm-ICA-R:15-20cm  -1.200000e+01 -45.171690  21.1716896 0.9989307
EVR:80-90cm-ICA-R:15-20cm    6.666667e-01 -32.505023  33.8383563 1.0000000
EVV:80-90cm-ICA-R:15-20cm   -2.600000e+01 -59.171690   7.1716896 0.3223502
ICA-R:80-90cm-ICA-R:15-20cm -3.666667e+01 -69.838356  -3.4949771 0.0162565
ICA-V:80-90cm-ICA-R:15-20cm -2.800000e+01 -61.171690   5.1716896 0.2064532
EVR:25-30cm-ICA-V:15-20cm    2.266667e+01 -10.505023  55.8383563 0.5771624
EVV:25-30cm-ICA-V:15-20cm   -7.333333e+00 -40.505023  25.8383563 0.9999997
ICA-R:25-30cm-ICA-V:15-20cm  3.666667e+00 -29.505023  36.8383563 1.0000000
ICA-V:25-30cm-ICA-V:15-20cm -1.666667e+01 -49.838356  16.5050229 0.9479976
EVR:45-50cm-ICA-V:15-20cm   -1.666667e+01 -49.838356  16.5050229 0.9479976
EVV:45-50cm-ICA-V:15-20cm   -8.000000e+00 -41.171690  25.1716896 0.9999987
ICA-R:45-50cm-ICA-V:15-20cm -1.400000e+01 -47.171690  19.1716896 0.9919213
ICA-V:45-50cm-ICA-V:15-20cm -4.666667e+00 -37.838356  28.5050229 1.0000000
EVR:7-12cm-ICA-V:15-20cm     2.966667e+01  -3.505023  62.8383563 0.1358052
EVV:7-12cm-ICA-V:15-20cm     2.333333e+01  -9.838356  56.5050229 0.5226602
ICA-R:7-12cm-ICA-V:15-20cm   2.400000e+01  -9.171690  57.1716896 0.4691170
ICA-V:7-12cm-ICA-V:15-20cm  -3.333333e+00 -36.505023  29.8383563 1.0000000
EVR:80-90cm-ICA-V:15-20cm    9.333333e+00 -23.838356  42.5050229 0.9999792
EVV:80-90cm-ICA-V:15-20cm   -1.733333e+01 -50.505023  15.8383563 0.9260256
ICA-R:80-90cm-ICA-V:15-20cm -2.800000e+01 -61.171690   5.1716896 0.2064532
ICA-V:80-90cm-ICA-V:15-20cm -1.933333e+01 -52.505023  13.8383563 0.8270697
EVV:25-30cm-EVR:25-30cm     -3.000000e+01 -63.171690   3.1716896 0.1243056
ICA-R:25-30cm-EVR:25-30cm   -1.900000e+01 -52.171690  14.1716896 0.8469643
ICA-V:25-30cm-EVR:25-30cm   -3.933333e+01 -72.505023  -6.1616437 0.0064629
EVR:45-50cm-EVR:25-30cm     -3.933333e+01 -72.505023  -6.1616437 0.0064629
EVV:45-50cm-EVR:25-30cm     -3.066667e+01 -63.838356   2.5050229 0.1036879
ICA-R:45-50cm-EVR:25-30cm   -3.666667e+01 -69.838356  -3.4949771 0.0162565
ICA-V:45-50cm-EVR:25-30cm   -2.733333e+01 -60.505023   5.8383563 0.2412630
EVR:7-12cm-EVR:25-30cm       7.000000e+00 -26.171690  40.1716896 0.9999999
EVV:7-12cm-EVR:25-30cm       6.666667e-01 -32.505023  33.8383563 1.0000000
ICA-R:7-12cm-EVR:25-30cm     1.333333e+00 -31.838356  34.5050229 1.0000000
ICA-V:7-12cm-EVR:25-30cm    -2.600000e+01 -59.171690   7.1716896 0.3223502
EVR:80-90cm-EVR:25-30cm     -1.333333e+01 -46.505023  19.8383563 0.9955832
EVV:80-90cm-EVR:25-30cm     -4.000000e+01 -73.171690  -6.8283104 0.0050951
ICA-R:80-90cm-EVR:25-30cm   -5.066667e+01 -83.838356 -17.4949771 0.0000874
ICA-V:80-90cm-EVR:25-30cm   -4.200000e+01 -75.171690  -8.8283104 0.0024599
ICA-R:25-30cm-EVV:25-30cm    1.100000e+01 -22.171690  44.1716896 0.9997031
ICA-V:25-30cm-EVV:25-30cm   -9.333333e+00 -42.505023  23.8383563 0.9999792
EVR:45-50cm-EVV:25-30cm     -9.333333e+00 -42.505023  23.8383563 0.9999792
EVV:45-50cm-EVV:25-30cm     -6.666667e-01 -33.838356  32.5050229 1.0000000
ICA-R:45-50cm-EVV:25-30cm   -6.666667e+00 -39.838356  26.5050229 1.0000000
ICA-V:45-50cm-EVV:25-30cm    2.666667e+00 -30.505023  35.8383563 1.0000000
EVR:7-12cm-EVV:25-30cm       3.700000e+01   3.828310  70.1716896 0.0145261
EVV:7-12cm-EVV:25-30cm       3.066667e+01  -2.505023  63.8383563 0.1036879
ICA-R:7-12cm-EVV:25-30cm     3.133333e+01  -1.838356  64.5050229 0.0860052
ICA-V:7-12cm-EVV:25-30cm     4.000000e+00 -29.171690  37.1716896 1.0000000
EVR:80-90cm-EVV:25-30cm      1.666667e+01 -16.505023  49.8383563 0.9479976
EVV:80-90cm-EVV:25-30cm     -1.000000e+01 -43.171690  23.1716896 0.9999342
ICA-R:80-90cm-EVV:25-30cm   -2.066667e+01 -53.838356  12.5050229 0.7359219
ICA-V:80-90cm-EVV:25-30cm   -1.200000e+01 -45.171690  21.1716896 0.9989307
ICA-V:25-30cm-ICA-R:25-30cm -2.033333e+01 -53.505023  12.8383563 0.7602490
EVR:45-50cm-ICA-R:25-30cm   -2.033333e+01 -53.505023  12.8383563 0.7602490
EVV:45-50cm-ICA-R:25-30cm   -1.166667e+01 -44.838356  21.5050229 0.9992864
ICA-R:45-50cm-ICA-R:25-30cm -1.766667e+01 -50.838356  15.5050229 0.9130042
ICA-V:45-50cm-ICA-R:25-30cm -8.333333e+00 -41.505023  24.8383563 0.9999972
EVR:7-12cm-ICA-R:25-30cm     2.600000e+01  -7.171690  59.1716896 0.3223502
EVV:7-12cm-ICA-R:25-30cm     1.966667e+01 -13.505023  52.8383563 0.8059275
ICA-R:7-12cm-ICA-R:25-30cm   2.033333e+01 -12.838356  53.5050229 0.7602490
ICA-V:7-12cm-ICA-R:25-30cm  -7.000000e+00 -40.171690  26.1716896 0.9999999
EVR:80-90cm-ICA-R:25-30cm    5.666667e+00 -27.505023  38.8383563 1.0000000
EVV:80-90cm-ICA-R:25-30cm   -2.100000e+01 -54.171690  12.1716896 0.7107615
ICA-R:80-90cm-ICA-R:25-30cm -3.166667e+01 -64.838356   1.5050229 0.0781713
ICA-V:80-90cm-ICA-R:25-30cm -2.300000e+01 -56.171690  10.1716896 0.5498525
EVR:45-50cm-ICA-V:25-30cm   -2.309264e-14 -33.171690  33.1716896 1.0000000
EVV:45-50cm-ICA-V:25-30cm    8.666667e+00 -24.505023  41.8383563 0.9999943
ICA-R:45-50cm-ICA-V:25-30cm  2.666667e+00 -30.505023  35.8383563 1.0000000
ICA-V:45-50cm-ICA-V:25-30cm  1.200000e+01 -21.171690  45.1716896 0.9989307
EVR:7-12cm-ICA-V:25-30cm     4.633333e+01  13.161644  79.5050229 0.0004776
EVV:7-12cm-ICA-V:25-30cm     4.000000e+01   6.828310  73.1716896 0.0050951
ICA-R:7-12cm-ICA-V:25-30cm   4.066667e+01   7.494977  73.8383563 0.0040065
ICA-V:7-12cm-ICA-V:25-30cm   1.333333e+01 -19.838356  46.5050229 0.9955832
EVR:80-90cm-ICA-V:25-30cm    2.600000e+01  -7.171690  59.1716896 0.3223502
EVV:80-90cm-ICA-V:25-30cm   -6.666667e-01 -33.838356  32.5050229 1.0000000
ICA-R:80-90cm-ICA-V:25-30cm -1.133333e+01 -44.505023  21.8383563 0.9995342
ICA-V:80-90cm-ICA-V:25-30cm -2.666667e+00 -35.838356  30.5050229 1.0000000
EVV:45-50cm-EVR:45-50cm      8.666667e+00 -24.505023  41.8383563 0.9999943
ICA-R:45-50cm-EVR:45-50cm    2.666667e+00 -30.505023  35.8383563 1.0000000
ICA-V:45-50cm-EVR:45-50cm    1.200000e+01 -21.171690  45.1716896 0.9989307
EVR:7-12cm-EVR:45-50cm       4.633333e+01  13.161644  79.5050229 0.0004776
EVV:7-12cm-EVR:45-50cm       4.000000e+01   6.828310  73.1716896 0.0050951
ICA-R:7-12cm-EVR:45-50cm     4.066667e+01   7.494977  73.8383563 0.0040065
ICA-V:7-12cm-EVR:45-50cm     1.333333e+01 -19.838356  46.5050229 0.9955832
EVR:80-90cm-EVR:45-50cm      2.600000e+01  -7.171690  59.1716896 0.3223502
EVV:80-90cm-EVR:45-50cm     -6.666667e-01 -33.838356  32.5050229 1.0000000
ICA-R:80-90cm-EVR:45-50cm   -1.133333e+01 -44.505023  21.8383563 0.9995342
ICA-V:80-90cm-EVR:45-50cm   -2.666667e+00 -35.838356  30.5050229 1.0000000
ICA-R:45-50cm-EVV:45-50cm   -6.000000e+00 -39.171690  27.1716896 1.0000000
ICA-V:45-50cm-EVV:45-50cm    3.333333e+00 -29.838356  36.5050229 1.0000000
EVR:7-12cm-EVV:45-50cm       3.766667e+01   4.494977  70.8383563 0.0115695
EVV:7-12cm-EVV:45-50cm       3.133333e+01  -1.838356  64.5050229 0.0860052
ICA-R:7-12cm-EVV:45-50cm     3.200000e+01  -1.171690  65.1716896 0.0709588
ICA-V:7-12cm-EVV:45-50cm     4.666667e+00 -28.505023  37.8383563 1.0000000
EVR:80-90cm-EVV:45-50cm      1.733333e+01 -15.838356  50.5050229 0.9260256
EVV:80-90cm-EVV:45-50cm     -9.333333e+00 -42.505023  23.8383563 0.9999792
ICA-R:80-90cm-EVV:45-50cm   -2.000000e+01 -53.171690  13.1716896 0.7836213
ICA-V:80-90cm-EVV:45-50cm   -1.133333e+01 -44.505023  21.8383563 0.9995342
ICA-V:45-50cm-ICA-R:45-50cm  9.333333e+00 -23.838356  42.5050229 0.9999792
EVR:7-12cm-ICA-R:45-50cm     4.366667e+01  10.494977  76.8383563 0.0013212
EVV:7-12cm-ICA-R:45-50cm     3.733333e+01   4.161644  70.5050229 0.0129690
ICA-R:7-12cm-ICA-R:45-50cm   3.800000e+01   4.828310  71.1716896 0.0103129
ICA-V:7-12cm-ICA-R:45-50cm   1.066667e+01 -22.505023  43.8383563 0.9998154
EVR:80-90cm-ICA-R:45-50cm    2.333333e+01  -9.838356  56.5050229 0.5226602
EVV:80-90cm-ICA-R:45-50cm   -3.333333e+00 -36.505023  29.8383563 1.0000000
ICA-R:80-90cm-ICA-R:45-50cm -1.400000e+01 -47.171690  19.1716896 0.9919213
ICA-V:80-90cm-ICA-R:45-50cm -5.333333e+00 -38.505023  27.8383563 1.0000000
EVR:7-12cm-ICA-V:45-50cm     3.433333e+01   1.161644  67.5050229 0.0348456
EVV:7-12cm-ICA-V:45-50cm     2.800000e+01  -5.171690  61.1716896 0.2064532
ICA-R:7-12cm-ICA-V:45-50cm   2.866667e+01  -4.505023  61.8383563 0.1754578
ICA-V:7-12cm-ICA-V:45-50cm   1.333333e+00 -31.838356  34.5050229 1.0000000
EVR:80-90cm-ICA-V:45-50cm    1.400000e+01 -19.171690  47.1716896 0.9919213
EVV:80-90cm-ICA-V:45-50cm   -1.266667e+01 -45.838356  20.5050229 0.9977433
ICA-R:80-90cm-ICA-V:45-50cm -2.333333e+01 -56.505023   9.8383563 0.5226602
ICA-V:80-90cm-ICA-V:45-50cm -1.466667e+01 -47.838356  18.5050229 0.9860971
EVV:7-12cm-EVR:7-12cm       -6.333333e+00 -39.505023  26.8383563 1.0000000
ICA-R:7-12cm-EVR:7-12cm     -5.666667e+00 -38.838356  27.5050229 1.0000000
ICA-V:7-12cm-EVR:7-12cm     -3.300000e+01 -66.171690   0.1716896 0.0526803
EVR:80-90cm-EVR:7-12cm      -2.033333e+01 -53.505023  12.8383563 0.7602490
EVV:80-90cm-EVR:7-12cm      -4.700000e+01 -80.171690 -13.8283104 0.0003690
ICA-R:80-90cm-EVR:7-12cm    -5.766667e+01 -90.838356 -24.4949771 0.0000053
ICA-V:80-90cm-EVR:7-12cm    -4.900000e+01 -82.171690 -15.8283104 0.0001689
ICA-R:7-12cm-EVV:7-12cm      6.666667e-01 -32.505023  33.8383563 1.0000000
ICA-V:7-12cm-EVV:7-12cm     -2.666667e+01 -59.838356   6.5050229 0.2799237
EVR:80-90cm-EVV:7-12cm      -1.400000e+01 -47.171690  19.1716896 0.9919213
EVV:80-90cm-EVV:7-12cm      -4.066667e+01 -73.838356  -7.4949771 0.0040065
ICA-R:80-90cm-EVV:7-12cm    -5.133333e+01 -84.505023 -18.1616437 0.0000671
ICA-V:80-90cm-EVV:7-12cm    -4.266667e+01 -75.838356  -9.4949771 0.0019212
ICA-V:7-12cm-ICA-R:7-12cm   -2.733333e+01 -60.505023   5.8383563 0.2412630
EVR:80-90cm-ICA-R:7-12cm    -1.466667e+01 -47.838356  18.5050229 0.9860971
EVV:80-90cm-ICA-R:7-12cm    -4.133333e+01 -74.505023  -8.1616437 0.0031429
ICA-R:80-90cm-ICA-R:7-12cm  -5.200000e+01 -85.171690 -18.8283104 0.0000514
ICA-V:80-90cm-ICA-R:7-12cm  -4.333333e+01 -76.505023 -10.1616437 0.0014975
EVR:80-90cm-ICA-V:7-12cm     1.266667e+01 -20.505023  45.8383563 0.9977433
EVV:80-90cm-ICA-V:7-12cm    -1.400000e+01 -47.171690  19.1716896 0.9919213
ICA-R:80-90cm-ICA-V:7-12cm  -2.466667e+01 -57.838356   8.5050229 0.4174235
ICA-V:80-90cm-ICA-V:7-12cm  -1.600000e+01 -49.171690  17.1716896 0.9649030
EVV:80-90cm-EVR:80-90cm     -2.666667e+01 -59.838356   6.5050229 0.2799237
ICA-R:80-90cm-EVR:80-90cm   -3.733333e+01 -70.505023  -4.1616437 0.0129690
ICA-V:80-90cm-EVR:80-90cm   -2.866667e+01 -61.838356   4.5050229 0.1754578
ICA-R:80-90cm-EVV:80-90cm   -1.066667e+01 -43.838356  22.5050229 0.9998154
ICA-V:80-90cm-EVV:80-90cm   -2.000000e+00 -35.171690  31.1716896 1.0000000
ICA-V:80-90cm-ICA-R:80-90cm  8.666667e+00 -24.505023  41.8383563 0.9999943

